307200000S
    19971940          196
        4141            1
       12370            1
        4133            1
        4080            1
        4187            1
        4061            1
        2147            1
       15111            1
     1455257            1
     1455260            1
     1455174            1
        2137            1
       12910            1
        2069            1
        3619            1
        3531            1
       15813            1
        2123            1
        4275            1
       21675            1
       15467            1
       15707            1
       15813            1
        2422            1
        2153            1
        2045            1
        3530            1
        2359            1
        9695            1
        2326            1
        2409            1
       15845            1
      312037            1
       13431            1
       16538            1
       22333            1
        3616            1
     9789410            1
      312077            1
