512000000S
    42663996         2744
        2319            1
       45730            1
        2492            1
        5969            1
        2668            1
        6074            1
        4568            1
        2429            1
       11398            1
        2559            1
        2499            1
        2460            1
        2403            1
        2627            1
        2618            1
        2560            1
        4931            1
        2530            1
        2473            1
        5546            1
        2598            1
        2605            1
        2624            1
        6249            1
        3936            1
        4548            1
        2859            1
        2490            1
        2373            1
        6262            1
       10910            1
        2637            1
       45734            1
        2371            1
        5824            1
        2499            1
        2481            1
        2191            1
       10991            1
        5880            1
        2274            1
