307200000S
           0            0
        1057            1
       -1057           -1
        1494            1
       -1494           -1
        2087            1
       -2087           -1
        2874            1
       -2874           -1
        2626            1
       -2626           -1
        2655            1
       -2655           -1
        2124            1
       -2124           -1
        2254            1
       -2254           -1
        2553            1
       -2553           -1
        1846            1
       -1846           -1
        2628            1
       -2628           -1
        2047            1
       -2047           -1
        2559            1
       -2559           -1
        2522            1
       -2522           -1
        2902            1
       -2902           -1
        2841            1
       -2841           -1
        2294            1
       -2294           -1
        3401            1
       -3401           -1
        2304            1
       -2304           -1
        2030            1
       -2030           -1
        2611            1
       -2611           -1
        1980            1
       -1980           -1
        2198            1
       -2198           -1
        2549            1
       -2549           -1
        2414            1
       -2414           -1
        2056            1
       -2056           -1
        2586            1
       -2586           -1
        2574            1
       -2574           -1
        2454            1
       -2454           -1
        3068            1
       -3068           -1
        2150            1
       -2150           -1
        2415            1
       -2415           -1
        2104            1
       -2104           -1
        2175            1
       -2175           -1
        1400            1
       -1400           -1
        2184            1
       -2184           -1
        2140            1
       -2140           -1
        2378            1
       -2378           -1
        1217            1
       -1217           -1
        1872            1
       -1872           -1
        2436            1
       -2436           -1
        2004            1
       -2004           -1
        2493            1
       -2493           -1
        1771            1
       -1771           -1
        2415            1
       -2415           -1
        2386            1
       -2386           -1
        1891            1
       -1891           -1
        2223            1
       -2223           -1
        1954            1
       -1954           -1
        2392            1
       -2392           -1
        4577            1
       -4577           -1
        3190            1
       -3190           -1
        4093            1
       -4093           -1
        4614            1
       -4614           -1
        4306            1
       -4306           -1
        3100            1
       -3100           -1
        2863            1
       -2863           -1
        3739            1
       -3739           -1
        4794            1
       -4794           -1
        7070            1
       -7070           -1
        1329            1
       -1329           -1
